SUN
0 0 128 128
0 128 128 128
0 256 128 128
OVEN
128 0 128 128
128 128 128 128
128 256 128 128
PIZZA
256 0 128 128
256 128 128 128
256 256 128 128
FRYINGPAN
384 0 128 128
384 128 128 128
384 256 128 128
FURNACE
512 0 128 128
512 128 128 128
512 256 128 128
VOLCANO
640 0 128 128
640 128 128 128
640 256 128 128
FLATIRON
768 0 128 128
768 128 128 128
768 256 128 128
CHILIPEPPER
896 0 128 128
896 128 128 128
896 256 128 128
MATCH
0 384 128 128
0 512 128 128
0 640 128 128
CAMPFIRE
128 384 128 128
128 512 128 128
128 640 128 128
HOTSAUCE
256 384 128 128
256 512 128 128
256 640 128 128